 止损倍数 止盈R  持有分钟   笔数  胜率  每笔平均基点   PF 赚钱月数  最差月基点  每笔风险0点5的总收益pct  最大回撤pct
    1   无    60 3980  37    -8.0 0.88  1/6  -15.1          -337.0   -328.5
    1   无   240 3980  26    -6.3 0.92  2/6  -21.1          -304.5   -298.8
    1   2    60 3980  39    -8.7 0.87  0/6  -22.7          -346.5   -337.0
    1   2   240 3980  35    -9.9 0.87  0/6  -20.0          -363.2   -356.2
    1   3    60 3980  37    -7.6 0.89  1/6  -16.0          -330.4   -321.4
    1   3   240 3980  29    -9.1 0.89  1/6  -18.6          -364.7   -355.5
    2   无    60 3980  50    -0.3 1.00  3/6  -13.4           -90.5   -102.1
    2   无   240 3980  42     5.5 1.05  5/6   -2.4           -20.1   -102.0
    2   2    60 3980  50     1.1 1.01  3/6  -15.3           -81.6   -101.1
    2   2   240 3980  43     0.6 1.01  3/6   -8.4           -85.5    -90.9
    2   3    60 3980  50    -0.3 1.00  3/6  -14.4           -90.0   -104.2
    2   3   240 3980  42     3.0 1.03  4/6   -4.4           -61.4    -96.2
    3   无    60 3980  53     5.8 1.08  3/6   -5.5           -16.4    -55.2
    3   无   240 3980  50    16.4 1.15  5/6   -6.1            60.5    -70.9
    3   2    60 3980  53     5.8 1.08  4/6   -7.2           -16.8    -57.1
    3   2   240 3980  50    15.0 1.14  5/6   -6.4            40.5    -67.2
    3   3    60 3980  53     5.9 1.08  3/6   -5.6           -15.9    -54.5
    3   3   240 3980  50    15.7 1.14  5/6   -9.6            52.4    -70.0
    5   无    60 3980  55     9.5 1.13  5/6  -10.0            18.1    -20.2
    5   无   240 3980  54    22.5 1.20  5/6   -2.6            83.4    -41.9
    5   2    60 3980  55     9.7 1.14  5/6   -8.1            19.0    -19.3
    5   2   240 3980  54    22.9 1.21  5/6   -4.7            82.4    -43.0
    5   3    60 3980  55     9.5 1.13  5/6  -10.0            18.1    -20.2
    5   3   240 3980  54    22.1 1.20  5/6   -3.7            81.3    -41.2
