         特征  周期分钟   平均IC  方向一致月数  月数  顶10%-底10%(基点)
     ls_chg    15 -0.000       3   6         -1.251
    book_02    15 -0.001       3   6          0.329
  vol_surge    15 -0.002       3   6          0.430
     book_5    15  0.003       5   6          1.339
    funding    15 -0.003       6   6          0.863
         ls    15  0.007       6   6         -0.260
     top_ls    15  0.007       6   6         -0.650
       vola    15 -0.008       6   6          1.484
     book_1    15  0.010       6   6          1.080
     flow_5    15 -0.012       6   6         -0.331
taker_ratio    15 -0.012       6   6         -0.234
    flow_60    15 -0.016       6   6         -0.519
      r_240    15 -0.022       6   6         -1.477
       oi_5    15 -0.024       6   6         -1.867
      oi_60    15 -0.024       6   6         -1.723
       r_60    15 -0.029       6   6         -1.939
        r_5    15 -0.030       6   6         -2.191
       r_15    15 -0.033       6   6         -2.132
    funding    60 -0.001       3   6          3.197
    book_02    60 -0.003       3   6          0.198
     book_5    60  0.004       5   6          3.727
     ls_chg    60  0.004       4   6         -1.197
     flow_5    60 -0.009       6   6         -0.669
     book_1    60  0.009       6   6          2.076
  vol_surge    60 -0.009       5   6          1.362
taker_ratio    60 -0.009       6   6         -0.271
         ls    60  0.011       6   6         -0.769
     top_ls    60  0.012       6   6         -2.199
    flow_60    60 -0.013       6   6         -0.835
       oi_5    60 -0.017       6   6         -2.908
       vola    60 -0.017       6   6          5.642
        r_5    60 -0.020       6   6         -2.907
      oi_60    60 -0.024       6   6         -3.550
       r_15    60 -0.026       6   6         -3.550
      r_240    60 -0.029       6   6         -3.490
       r_60    60 -0.030       6   6         -3.992
    funding   240  0.001       4   6         12.102
    book_02   240 -0.003       4   6         -0.816
     flow_5   240 -0.004       6   6         -0.345
taker_ratio   240 -0.004       6   6          1.332
     ls_chg   240  0.005       4   6         -0.417
     book_5   240  0.007       4   6         11.554
    flow_60   240 -0.009       6   6         -2.234
     book_1   240  0.010       5   6          4.078
       oi_5   240 -0.011       6   6         -3.605
        r_5   240 -0.012       6   6         -4.022
  vol_surge   240 -0.016       5   6          2.771
       r_15   240 -0.017       6   6         -5.080
     top_ls   240  0.017       6   6         -7.223
         ls   240  0.018       6   6         -2.301
      oi_60   240 -0.020       6   6         -4.891
       r_60   240 -0.023       6   6         -6.908
       vola   240 -0.026       6   6         20.461
      r_240   240 -0.032       6   6         -1.953
